[{"extrinsics":[0.9652225375175476,-0.005104523617774248,-0.2613799273967743,0.0,-0.009574868716299534,0.9984482526779175,-0.054856859147548676,0.0,0.26125437021255493,0.05545175448060036,0.963675856590271,0.0,-0.09772727638483047,-0.0015405893791466951,-0.1085025817155838,0.9999999403953552],"id":0,"intrinsics":[1593.8209228515625,0.0,0.0,0.0,1593.8209228515625,0.0,952.903076171875,714.1619262695313,1.0],"timestamp":1665303420592},{"extrinsics":[0.9731177687644958,-0.017991801723837852,-0.2296043485403061,0.0,0.008727902546525002,0.9991086721420288,-0.04129926487803459,0.0,0.2301427125930786,0.038185086101293564,0.9724074006080627,0.0,-0.8384978175163269,0.0007427454111166298,-0.23128488659858704,0.9999999403953552],"id":1,"intrinsics":[1593.3690185546875,0.0,0.0,0.0,1593.3690185546875,0.0,952.8847045898438,714.159912109375,1.0],"timestamp":1665303425359},{"extrinsics":[0.9682961106300354,-0.012404252775013447,-0.24949686229228973,0.0,-0.01932813599705696,0.9920520186424255,-0.12433431297540665,0.0,0.24905619025230408,0.12521475553512573,0.9603604674339294,0.0,0.9710930585861206,-0.08916444331407547,0.11975107342004776,0.9999999403953552],"id":2,"intrinsics":[1593.3690185546875,0.0,0.0,0.0,1593.3690185546875,0.0,952.8380126953125,714.1710815429688,1.0],"timestamp":1665303439661},{"extrinsics":[0.9106225371360779,-0.008272477425634861,-0.41315656900405884,0.0,-0.0376758947968483,0.9939735531806946,-0.10294194519519806,0.0,0.41151824593544006,0.10930729657411575,0.9048229455947876,0.0,9.371766090393066,-0.17212383449077606,3.1941325664520264,0.9999998807907104],"id":3,"intrinsics":[1593.8209228515625,0.0,0.0,0.0,1593.8209228515625,0.0,952.8643798828125,714.1675415039063,1.0],"timestamp":1665303456896},{"extrinsics":[0.9183007478713989,0.007966844365000725,-0.39580342173576355,0.0,-0.054021213203668594,0.9929671287536621,-0.10534752160310745,0.0,0.392180472612381,0.11812248826026917,0.9122728109359741,0.0,14.803616523742676,1.44181227684021,5.754072666168213,1.0000001192092896],"id":4,"intrinsics":[1593.3690185546875,0.0,0.0,0.0,1593.3690185546875,0.0,952.8997192382813,714.1715087890625,1.0],"timestamp":1665303472382},{"extrinsics":[0.8765169382095337,-0.023205101490020752,-0.48081138730049133,0.0,-0.055965203791856766,0.9871513247489929,-0.14966657757759094,0.0,0.47810664772987366,0.15809401869773865,0.8639562129974365,0.0,12.77137565612793,0.5210592746734619,4.979519367218018,0.9999999403953552],"id":5,"intrinsics":[1593.3690185546875,0.0,0.0,0.0,1593.3690185546875,0.0,952.79296875,714.177978515625,1.0],"timestamp":1665303491984},{"extrinsics":[0.8932982087135315,-0.019201179966330528,-0.44905412197113037,0.0,-0.018131721764802933,0.9967341423034668,-0.07868874818086624,0.0,0.44909852743148804,0.07843463867902756,0.8900327086448669,0.0,9.603096008300781,-0.13057848811149597,3.4914543628692627,1.0],"id":6,"intrinsics":[1593.3690185546875,0.0,0.0,0.0,1593.3690185546875,0.0,952.8441162109375,714.1641235351563,1.0],"timestamp":1665303504653},{"extrinsics":[0.8793545961380005,-0.03824153542518616,-0.47462958097457886,0.0,-0.004500860348343849,0.9960576891899109,-0.08859250694513321,0.0,0.4761463701725006,0.08004046976566315,0.8757157325744629,0.0,8.112534523010254,-0.13404181599617004,2.998121500015259,0.9999999403953552],"id":7,"intrinsics":[1593.3690185546875,0.0,0.0,0.0,1593.3690185546875,0.0,952.8001098632813,714.1620483398438,1.0],"timestamp":1665303511370},{"extrinsics":[0.9338177442550659,0.0039048725739121437,-0.35772791504859924,0.0,-0.009413002990186214,0.9998623728752136,-0.01365757081657648,0.0,0.3576253056526184,0.016120975837111473,0.9337259531021118,0.0,7.234888076782227,0.19506627321243286,2.5437839031219482,0.9999998807907104],"id":8,"intrinsics":[1593.8209228515625,0.0,0.0,0.0,1593.8209228515625,0.0,952.9224853515625,714.1596069335938,1.0],"timestamp":1665303522005}]
