[{"extrinsics":[0.9982091784477234,-0.03920446336269379,0.045182887464761734,0.0,0.04230693355202675,0.9966571927070618,-0.0698883906006813,0.0,-0.042291902005672455,0.07167478650808334,0.9965310096740723,0.0,-0.06843291968107224,0.4073965549468994,0.13640804588794708,0.9999999403953552],"id":0,"intrinsics":[1595.1766357421875,0.0,0.0,0.0,1595.1766357421875,0.0,952.8389282226563,714.1597290039063,1.0],"timestamp":1666134902057},{"extrinsics":[0.9990232586860657,0.03278634324669838,0.029625166207551956,0.0,-0.033655911684036255,0.9990024566650391,0.029346805065870285,0.0,-0.02863342873752117,-0.030315203592181206,0.9991301894187927,0.0,3.0927395820617676,0.38966506719589233,1.8404107093811035,1.0],"id":1,"intrinsics":[1595.6285400390625,0.0,0.0,0.0,1595.6285400390625,0.0,953.0603637695313,714.1648559570313,1.0],"timestamp":1666134914458},{"extrinsics":[0.9987971782684326,0.0014295756118372083,-0.04901272803544998,0.0,0.00040706575964577496,0.9992986917495728,0.03744228556752205,0.0,0.04903189092874527,-0.03741719573736191,0.9980961680412292,0.0,7.060120105743408,0.267621248960495,3.889054775238037,0.9999999403953552],"id":2,"intrinsics":[1593.3690185546875,0.0,0.0,0.0,1593.3690185546875,0.0,952.9777221679688,714.1595458984375,1.0],"timestamp":1666134926544},{"extrinsics":[0.9981476664543152,0.014030924066901207,-0.05919867381453514,0.0,-0.013007122091948986,0.9997596740722656,0.017644371837377548,0.0,0.0594320185482502,-0.01684168353676796,0.9980902075767517,0.0,9.484010696411133,0.11224424839019775,6.266027927398682,1.0],"id":3,"intrinsics":[1595.6285400390625,0.0,0.0,0.0,1595.6285400390625,0.0,953.0035400390625,714.1613159179688,1.0],"timestamp":1666134938529},{"extrinsics":[0.9793086647987366,0.013621080666780472,0.20191355049610138,0.0,-0.007271109614521265,0.9994562864303589,-0.03215739503502846,0.0,-0.20224180817604065,0.030023878440260887,0.9788752794265747,0.0,10.878408432006836,1.174911618232727,8.962274551391602,1.0],"id":4,"intrinsics":[1595.6285400390625,0.0,0.0,0.0,1595.6285400390625,0.0,952.9807739257813,714.1627807617188,1.0],"timestamp":1666134953664},{"extrinsics":[0.9933426976203918,0.012527569197118282,0.11451387405395508,0.0,-0.009097973816096783,0.9994956254959106,-0.03042290173470974,0.0,-0.11483722925186157,0.029178522527217865,0.9929556250572205,0.0,13.17432689666748,1.7279188632965088,10.10193920135498,0.9999999403953552],"id":5,"intrinsics":[1595.6285400390625,0.0,0.0,0.0,1595.6285400390625,0.0,952.9866943359375,714.1629638671875,1.0],"timestamp":1666134966266},{"extrinsics":[0.995241105556488,-0.012192956171929836,0.09667741507291794,0.0,0.020790543407201767,0.9958654642105103,-0.08842870593070984,0.0,-0.09519948810338974,0.09001786261796951,0.9913796782493591,0.0,11.218518257141113,0.7881262302398682,7.936428070068359,1.0],"id":6,"intrinsics":[1595.1766357421875,0.0,0.0,0.0,1595.1766357421875,0.0,952.8787841796875,714.1648559570313,1.0],"timestamp":1666134975950},{"extrinsics":[0.9884464740753174,-0.011157939210534096,0.15115906298160553,0.0,0.02301887236535549,0.9967694878578186,-0.07694562524557114,0.0,-0.14981219172477722,0.07953613996505737,0.9855101108551025,0.0,8.695024490356445,0.06217540055513382,4.969126224517822,0.9999998807907104],"id":7,"intrinsics":[1595.6285400390625,0.0,0.0,0.0,1595.6285400390625,0.0,952.8949584960938,714.1650390625,1.0],"timestamp":1666134987185},{"extrinsics":[0.9727868437767029,0.00592563534155488,0.23162618279457092,0.0,-0.0003805324377026409,0.9997124075889587,-0.02397722750902176,0.0,-0.23170164227485657,0.0232365895062685,0.9725093245506287,0.0,5.427468776702881,0.14987865090370178,1.2679692506790161,1.0],"id":8,"intrinsics":[1595.1766357421875,0.0,0.0,0.0,1595.1766357421875,0.0,952.9642333984375,714.1613159179688,1.0],"timestamp":1666134999554},{"extrinsics":[0.9589056372642517,0.005321787670254707,0.2836754620075226,0.0,0.0018134749261662364,0.9996886253356934,-0.024884359911084175,0.0,-0.283719539642334,0.024376189336180687,0.9585974216461182,0.0,2.5314576625823975,0.14281263947486877,-1.7898353338241577,0.9999999403953552],"id":9,"intrinsics":[1595.1766357421875,0.0,0.0,0.0,1595.1766357421875,0.0,952.9607543945313,714.1610717773438,1.0],"timestamp":1666135010055},{"extrinsics":[0.9738221168518066,0.008520097471773624,0.22715157270431519,0.0,0.016497280448675156,0.9940128922462463,-0.10800939798355103,0.0,-0.22671183943748474,0.10892932116985321,0.9678512811660767,0.0,1.23981511592865,0.10298139601945877,-3.713395833969116,0.9999999403953552],"id":10,"intrinsics":[1595.1766357421875,0.0,0.0,0.0,1595.1766357421875,0.0,952.9332275390625,714.1714477539063,1.0],"timestamp":1666135021923}]
