[{"extrinsics":[0.9921823143959045,0.000394077884266153,-0.12479627877473831,0.0,-0.029979128390550613,0.9714652895927429,-0.2352788895368576,0.0,0.12114253640174866,0.23718084394931793,0.963882565498352,0.0,-0.18427366018295288,0.1073518618941307,0.03174472600221634,0.9999998807907104],"id":0,"intrinsics":[1595.6285400390625,0.0,0.0,0.0,1595.6285400390625,0.0,952.84716796875,714.2011108398438,1.0],"timestamp":1665382607382},{"extrinsics":[0.9996675252914429,-0.021964136511087418,-0.013510278426110744,0.0,0.021684255450963974,0.9995540380477905,-0.020524822175502777,0.0,0.013955065980553627,0.02022503688931465,0.9996980428695679,0.0,-6.313077449798584,-2.0956552028656006,-3.4565932750701904,0.9999998807907104],"id":1,"intrinsics":[1596.0804443359375,0.0,0.0,0.0,1596.0804443359375,0.0,952.9058837890625,714.1578979492188,1.0],"timestamp":1665382641436},{"extrinsics":[0.9999567866325378,0.006627639289945364,-0.006516211200505495,0.0,-0.007287926040589809,0.9942142367362976,-0.10716622322797775,0.0,0.00576825113967061,0.10720908641815186,0.9942196607589722,0.0,-9.370837211608887,-3.813307523727417,-7.864604473114014,0.9999998807907104],"id":2,"intrinsics":[1595.6285400390625,0.0,0.0,0.0,1595.6285400390625,0.0,952.9385375976563,714.1724243164063,1.0],"timestamp":1665382657622},{"extrinsics":[0.9987699389457703,0.041798029094934464,-0.026674680411815643,0.0,-0.03932473435997963,0.9954027533531189,0.08733056485652924,0.0,0.03020229935646057,-0.08617416769266129,0.9958221316337585,0.0,-11.323984146118164,-3.4281699657440186,-9.679553031921387,0.9999998807907104],"id":3,"intrinsics":[1596.0804443359375,0.0,0.0,0.0,1596.0804443359375,0.0,953.12353515625,714.1705932617188,1.0],"timestamp":1665382666740},{"extrinsics":[0.8914358615875244,-0.005486917681992054,0.4531135559082031,0.0,-0.05336298793554306,0.9916979670524597,0.11699286103248596,0.0,-0.44999369978904724,-0.12847112119197845,0.8837424516677856,0.0,-11.944841384887695,-3.3977253437042236,-10.384368896484375,0.9999999403953552],"id":4,"intrinsics":[1596.5323486328125,0.0,0.0,0.0,1596.5323486328125,0.0,953.0167846679688,714.16748046875,1.0],"timestamp":1665382675874},{"extrinsics":[0.9870999455451965,0.040717318654060364,-0.15484139323234558,0.0,-0.015193737111985683,0.9865792989730835,0.1625736504793167,0.0,0.1593828797340393,-0.15812380611896515,0.9744710326194763,0.0,-12.113298416137695,-3.3561015129089355,-10.252335548400879,0.9999998807907104],"id":5,"intrinsics":[1596.5323486328125,0.0,0.0,0.0,1596.5323486328125,0.0,953.1604614257813,714.1805419921875,1.0],"timestamp":1665382681475},{"extrinsics":[0.9981056451797485,0.023372652009129524,0.05691106244921684,0.0,-0.02443218231201172,0.9995394349098206,0.017993103712797165,0.0,-0.0564643070101738,-0.019349480047822,0.9982171058654785,0.0,-13.819242477416992,-3.626772165298462,-11.927064895629883,0.9999999403953552],"id":6,"intrinsics":[1596.0804443359375,0.0,0.0,0.0,1596.0804443359375,0.0,953.0416870117188,714.1641235351563,1.0],"timestamp":1665382690593},{"extrinsics":[0.8717334866523743,0.03026985190808773,0.4890443980693817,0.0,-0.08274473994970322,0.9928494691848755,0.08604118227958679,0.0,-0.48294302821159363,-0.11547083407640457,0.8680048584938049,0.0,-13.814178466796875,-3.5874736309051514,-11.973074913024902,0.9999998807907104],"id":7,"intrinsics":[1596.0804443359375,0.0,0.0,0.0,1596.0804443359375,0.0,953.1213989257813,714.1719970703125,1.0],"timestamp":1665382694560},{"extrinsics":[0.9771589040756226,-0.005807113368064165,-0.21243086457252502,0.0,0.01748737320303917,0.9984334707260132,0.053146347403526306,0.0,0.21178947389125824,-0.05564728379249573,0.9757297039031982,0.0,-13.852362632751465,-3.5998411178588867,-11.875082969665527,0.9999999403953552],"id":8,"intrinsics":[1596.0804443359375,0.0,0.0,0.0,1596.0804443359375,0.0,952.9900512695313,714.1602783203125,1.0],"timestamp":1665382697461},{"extrinsics":[0.9963954091072083,-0.0021922222804278135,0.08480197936296463,0.0,0.009162239730358124,0.9965991377830505,-0.08189011365175247,0.0,-0.08433406054973602,0.08237192034721375,0.9930269718170166,0.0,-14.871039390563965,-3.684384822845459,-12.895459175109863,0.9999998807907104],"id":9,"intrinsics":[1593.3690185546875,0.0,0.0,0.0,1593.3690185546875,0.0,952.9344482421875,714.166748046875,1.0],"timestamp":1665382707195},{"extrinsics":[0.9923233389854431,0.005638932343572378,-0.12354171276092529,0.0,-0.012315907515585423,0.9984998106956482,-0.05334950238466263,0.0,0.12305555492639542,0.054461486637592316,0.9909042119979858,0.0,-18.593875885009766,-3.6078708171844482,-15.751240730285645,1.0],"id":10,"intrinsics":[1595.1766357421875,0.0,0.0,0.0,1595.1766357421875,0.0,952.9703979492188,714.166015625,1.0],"timestamp":1665382723914},{"extrinsics":[0.9370465278625488,0.014056184329092503,0.3489214777946472,0.0,-0.01724204607307911,0.9998330473899841,0.006026457995176315,0.0,-0.3487786054611206,-0.011663191951811314,0.9371325373649597,0.0,-18.524185180664063,-3.615419864654541,-15.811027526855469,0.9999998807907104],"id":11,"intrinsics":[1595.1766357421875,0.0,0.0,0.0,1595.1766357421875,0.0,953.0243530273438,714.162841796875,1.0],"timestamp":1665382728298}]
